  1.8000000e+003  1.8000000e+003  1.8000000e+003  1.8000000e+003  1.8000000e+003  1.8000000e+003  1.8000000e+003  1.8000000e+003  1.8000000e+003  0.0000000e+000  0.0000000e+000  0.0000000e+000  0.0000000e+000  0.0000000e+000  0.0000000e+000  0.0000000e+000  0.0000000e+000  0.0000000e+000  0.0000000e+000  0.0000000e+000
  1.8000000e+003  1.8000000e+003  1.8000000e+003  1.8000000e+003  1.8000000e+003  1.8000000e+003  1.8000000e+003  1.8000000e+003  1.8000000e+003  0.0000000e+000  0.0000000e+000  0.0000000e+000  0.0000000e+000  0.0000000e+000  0.0000000e+000  0.0000000e+000  0.0000000e+000  0.0000000e+000  0.0000000e+000  0.0000000e+000
  1.8000000e+003  1.8000000e+003  1.8000000e+003  1.8000000e+003  1.8000000e+003  1.8000000e+003  1.8000000e+003  1.8000000e+003  1.8000000e+003  0.0000000e+000  0.0000000e+000  0.0000000e+000  0.0000000e+000  0.0000000e+000  0.0000000e+000  0.0000000e+000  0.0000000e+000  0.0000000e+000  0.0000000e+000  0.0000000e+000
  1.8000000e+003  1.8000000e+003  1.8000000e+003  1.8000000e+003  1.8000000e+003  1.8000000e+003  1.8000000e+003  1.8000000e+003  1.8000000e+003  0.0000000e+000  0.0000000e+000  0.0000000e+000  0.0000000e+000  0.0000000e+000  0.0000000e+000  0.0000000e+000  0.0000000e+000  0.0000000e+000  0.0000000e+000  0.0000000e+000
  1.8000000e+003  1.8000000e+003  1.8000000e+003  1.8000000e+003  1.8000000e+003  1.8000000e+003  1.8000000e+003  1.8000000e+003  1.8000000e+003  0.0000000e+000  0.0000000e+000  0.0000000e+000  0.0000000e+000  0.0000000e+000  0.0000000e+000  0.0000000e+000  0.0000000e+000  0.0000000e+000  0.0000000e+000  0.0000000e+000
  1.8000000e+003  1.8000000e+003  1.8000000e+003  1.8000000e+003  1.8000000e+003  1.8000000e+003  1.8000000e+003  1.8000000e+003  1.8000000e+003  0.0000000e+000  0.0000000e+000  0.0000000e+000  0.0000000e+000  0.0000000e+000  0.0000000e+000  0.0000000e+000  0.0000000e+000  0.0000000e+000  0.0000000e+000  0.0000000e+000
  1.8000000e+003  1.8000000e+003  1.8000000e+003  1.8000000e+003  1.8000000e+003  1.8000000e+003  1.8000000e+003  1.8000000e+003  1.8000000e+003  0.0000000e+000  0.0000000e+000  0.0000000e+000  0.0000000e+000  0.0000000e+000  0.0000000e+000  0.0000000e+000  0.0000000e+000  0.0000000e+000  0.0000000e+000  0.0000000e+000
  1.8000000e+003  1.8000000e+003  1.8000000e+003  1.8000000e+003  1.8000000e+003  1.8000000e+003  1.8000000e+003  1.8000000e+003  1.8000000e+003  0.0000000e+000  0.0000000e+000  0.0000000e+000  0.0000000e+000  0.0000000e+000  0.0000000e+000  0.0000000e+000  0.0000000e+000  0.0000000e+000  0.0000000e+000  0.0000000e+000
  1.8000000e+003  1.8000000e+003  1.8000000e+003  1.8000000e+003  1.8000000e+003  1.8000000e+003  1.8000000e+003  1.8000000e+003  1.8000000e+003  0.0000000e+000  0.0000000e+000  0.0000000e+000  0.0000000e+000  0.0000000e+000  0.0000000e+000  0.0000000e+000  0.0000000e+000  0.0000000e+000  0.0000000e+000  0.0000000e+000
  0.0000000e+000  0.0000000e+000  0.0000000e+000  0.0000000e+000  0.0000000e+000  0.0000000e+000  0.0000000e+000  0.0000000e+000  0.0000000e+000  0.0000000e+000  0.0000000e+000  0.0000000e+000  0.0000000e+000  0.0000000e+000  0.0000000e+000  0.0000000e+000  0.0000000e+000  0.0000000e+000  0.0000000e+000  1.0000000e+002
  0.0000000e+000  0.0000000e+000  0.0000000e+000  0.0000000e+000  0.0000000e+000  0.0000000e+000  0.0000000e+000  0.0000000e+000  0.0000000e+000  0.0000000e+000  0.0000000e+000  0.0000000e+000  0.0000000e+000  0.0000000e+000  0.0000000e+000  0.0000000e+000  0.0000000e+000  0.0000000e+000  0.0000000e+000  2.0000000e+002
  0.0000000e+000  0.0000000e+000  0.0000000e+000  0.0000000e+000  0.0000000e+000  0.0000000e+000  0.0000000e+000  0.0000000e+000  0.0000000e+000  0.0000000e+000  0.0000000e+000  0.0000000e+000  0.0000000e+000  0.0000000e+000  0.0000000e+000  0.0000000e+000  0.0000000e+000  0.0000000e+000  0.0000000e+000  3.0000000e+002
  0.0000000e+000  0.0000000e+000  0.0000000e+000  0.0000000e+000  0.0000000e+000  0.0000000e+000  0.0000000e+000  0.0000000e+000  0.0000000e+000  0.0000000e+000  0.0000000e+000  0.0000000e+000  0.0000000e+000  0.0000000e+000  0.0000000e+000  0.0000000e+000  0.0000000e+000  0.0000000e+000  0.0000000e+000  1.0000000e+002
  0.0000000e+000  0.0000000e+000  0.0000000e+000  0.0000000e+000  0.0000000e+000  0.0000000e+000  0.0000000e+000  0.0000000e+000  0.0000000e+000  0.0000000e+000  0.0000000e+000  0.0000000e+000  0.0000000e+000  0.0000000e+000  0.0000000e+000  0.0000000e+000  0.0000000e+000  0.0000000e+000  0.0000000e+000  2.0000000e+002
  0.0000000e+000  0.0000000e+000  0.0000000e+000  0.0000000e+000  0.0000000e+000  0.0000000e+000  0.0000000e+000  0.0000000e+000  0.0000000e+000  0.0000000e+000  0.0000000e+000  0.0000000e+000  0.0000000e+000  0.0000000e+000  0.0000000e+000  0.0000000e+000  0.0000000e+000  0.0000000e+000  0.0000000e+000  3.0000000e+002
  0.0000000e+000  0.0000000e+000  0.0000000e+000  0.0000000e+000  0.0000000e+000  0.0000000e+000  0.0000000e+000  0.0000000e+000  0.0000000e+000  0.0000000e+000  0.0000000e+000  0.0000000e+000  0.0000000e+000  0.0000000e+000  0.0000000e+000  0.0000000e+000  0.0000000e+000  0.0000000e+000  0.0000000e+000  1.0000000e+002
  0.0000000e+000  0.0000000e+000  0.0000000e+000  0.0000000e+000  0.0000000e+000  0.0000000e+000  0.0000000e+000  0.0000000e+000  0.0000000e+000  0.0000000e+000  0.0000000e+000  0.0000000e+000  0.0000000e+000  0.0000000e+000  0.0000000e+000  0.0000000e+000  0.0000000e+000  0.0000000e+000  0.0000000e+000  2.0000000e+002
  0.0000000e+000  0.0000000e+000  0.0000000e+000  0.0000000e+000  0.0000000e+000  0.0000000e+000  0.0000000e+000  0.0000000e+000  0.0000000e+000  0.0000000e+000  0.0000000e+000  0.0000000e+000  0.0000000e+000  0.0000000e+000  0.0000000e+000  0.0000000e+000  0.0000000e+000  0.0000000e+000  0.0000000e+000  3.0000000e+002
  1.0000000e+002  2.0000000e+002  3.0000000e+002  2.0000000e+002  3.0000000e+002  1.0000000e+002  3.0000000e+002  1.0000000e+002  2.0000000e+002  0.0000000e+000  0.0000000e+000  0.0000000e+000  0.0000000e+000  0.0000000e+000  0.0000000e+000  0.0000000e+000  0.0000000e+000  0.0000000e+000  0.0000000e+000  0.0000000e+000
  0.0000000e+000  0.0000000e+000  0.0000000e+000  0.0000000e+000  0.0000000e+000  0.0000000e+000  0.0000000e+000  0.0000000e+000  0.0000000e+000  0.0000000e+000  0.0000000e+000  0.0000000e+000  0.0000000e+000  0.0000000e+000  0.0000000e+000  0.0000000e+000  0.0000000e+000  0.0000000e+000  0.0000000e+000  0.0000000e+000
