  0.0000000e+000  1.0000000e+000  2.0000000e+000  1.0000000e+000  1.4142136e+000  2.2360680e+000  2.0000000e+000  2.2360680e+000  2.8284271e+000  1.8000000e+003  1.8000000e+003  1.8000000e+003  1.8000000e+003  1.8000000e+003  1.8000000e+003  1.8000000e+003  1.8000000e+003  1.8000000e+003  1.8000000e+003  1.8000000e+003
  1.0000000e+000  0.0000000e+000  1.0000000e+000  1.4142136e+000  1.0000000e+000  1.4142136e+000  2.2360680e+000  2.0000000e+000  2.2360680e+000  1.8000000e+003  1.8000000e+003  1.8000000e+003  1.8000000e+003  1.8000000e+003  1.8000000e+003  1.8000000e+003  1.8000000e+003  1.8000000e+003  1.8000000e+003  1.8000000e+003
  2.0000000e+000  1.0000000e+000  0.0000000e+000  2.2360680e+000  1.4142136e+000  1.0000000e+000  2.8284271e+000  2.2360680e+000  2.0000000e+000  1.8000000e+003  1.8000000e+003  1.8000000e+003  1.8000000e+003  1.8000000e+003  1.8000000e+003  1.8000000e+003  1.8000000e+003  1.8000000e+003  1.8000000e+003  1.8000000e+003
  1.0000000e+000  1.4142136e+000  2.2360680e+000  0.0000000e+000  1.0000000e+000  2.0000000e+000  1.0000000e+000  1.4142136e+000  2.2360680e+000  1.8000000e+003  1.8000000e+003  1.8000000e+003  1.8000000e+003  1.8000000e+003  1.8000000e+003  1.8000000e+003  1.8000000e+003  1.8000000e+003  1.8000000e+003  1.8000000e+003
  1.4142136e+000  1.0000000e+000  1.4142136e+000  1.0000000e+000  0.0000000e+000  1.0000000e+000  1.4142136e+000  1.0000000e+000  1.4142136e+000  1.8000000e+003  1.8000000e+003  1.8000000e+003  1.8000000e+003  1.8000000e+003  1.8000000e+003  1.8000000e+003  1.8000000e+003  1.8000000e+003  1.8000000e+003  1.8000000e+003
  2.2360680e+000  1.4142136e+000  1.0000000e+000  2.0000000e+000  1.0000000e+000  0.0000000e+000  2.2360680e+000  1.4142136e+000  1.0000000e+000  1.8000000e+003  1.8000000e+003  1.8000000e+003  1.8000000e+003  1.8000000e+003  1.8000000e+003  1.8000000e+003  1.8000000e+003  1.8000000e+003  1.8000000e+003  1.8000000e+003
  2.0000000e+000  2.2360680e+000  2.8284271e+000  1.0000000e+000  1.4142136e+000  2.2360680e+000  0.0000000e+000  1.0000000e+000  2.0000000e+000  1.8000000e+003  1.8000000e+003  1.8000000e+003  1.8000000e+003  1.8000000e+003  1.8000000e+003  1.8000000e+003  1.8000000e+003  1.8000000e+003  1.8000000e+003  1.8000000e+003
  2.2360680e+000  2.0000000e+000  2.2360680e+000  1.4142136e+000  1.0000000e+000  1.4142136e+000  1.0000000e+000  0.0000000e+000  1.0000000e+000  1.8000000e+003  1.8000000e+003  1.8000000e+003  1.8000000e+003  1.8000000e+003  1.8000000e+003  1.8000000e+003  1.8000000e+003  1.8000000e+003  1.8000000e+003  1.8000000e+003
  2.8284271e+000  2.2360680e+000  2.0000000e+000  2.2360680e+000  1.4142136e+000  1.0000000e+000  2.0000000e+000  1.0000000e+000  0.0000000e+000  1.8000000e+003  1.8000000e+003  1.8000000e+003  1.8000000e+003  1.8000000e+003  1.8000000e+003  1.8000000e+003  1.8000000e+003  1.8000000e+003  1.8000000e+003  1.8000000e+003
  1.8000000e+003  1.8000000e+003  1.8000000e+003  1.8000000e+003  1.8000000e+003  1.8000000e+003  1.8000000e+003  1.8000000e+003  1.8000000e+003  1.8000000e+003  1.8000000e+003  1.8000000e+003  1.8000000e+003  1.8000000e+003  1.8000000e+003  1.8000000e+003  1.8000000e+003  1.8000000e+003  1.8000000e+003  0.0000000e+000
  1.8000000e+003  1.8000000e+003  1.8000000e+003  1.8000000e+003  1.8000000e+003  1.8000000e+003  1.8000000e+003  1.8000000e+003  1.8000000e+003  1.8000000e+003  1.8000000e+003  1.8000000e+003  1.8000000e+003  1.8000000e+003  1.8000000e+003  1.8000000e+003  1.8000000e+003  1.8000000e+003  1.8000000e+003  0.0000000e+000
  1.8000000e+003  1.8000000e+003  1.8000000e+003  1.8000000e+003  1.8000000e+003  1.8000000e+003  1.8000000e+003  1.8000000e+003  1.8000000e+003  1.8000000e+003  1.8000000e+003  1.8000000e+003  1.8000000e+003  1.8000000e+003  1.8000000e+003  1.8000000e+003  1.8000000e+003  1.8000000e+003  1.8000000e+003  0.0000000e+000
  1.8000000e+003  1.8000000e+003  1.8000000e+003  1.8000000e+003  1.8000000e+003  1.8000000e+003  1.8000000e+003  1.8000000e+003  1.8000000e+003  1.8000000e+003  1.8000000e+003  1.8000000e+003  1.8000000e+003  1.8000000e+003  1.8000000e+003  1.8000000e+003  1.8000000e+003  1.8000000e+003  1.8000000e+003  0.0000000e+000
  1.8000000e+003  1.8000000e+003  1.8000000e+003  1.8000000e+003  1.8000000e+003  1.8000000e+003  1.8000000e+003  1.8000000e+003  1.8000000e+003  1.8000000e+003  1.8000000e+003  1.8000000e+003  1.8000000e+003  1.8000000e+003  1.8000000e+003  1.8000000e+003  1.8000000e+003  1.8000000e+003  1.8000000e+003  0.0000000e+000
  1.8000000e+003  1.8000000e+003  1.8000000e+003  1.8000000e+003  1.8000000e+003  1.8000000e+003  1.8000000e+003  1.8000000e+003  1.8000000e+003  1.8000000e+003  1.8000000e+003  1.8000000e+003  1.8000000e+003  1.8000000e+003  1.8000000e+003  1.8000000e+003  1.8000000e+003  1.8000000e+003  1.8000000e+003  0.0000000e+000
  1.8000000e+003  1.8000000e+003  1.8000000e+003  1.8000000e+003  1.8000000e+003  1.8000000e+003  1.8000000e+003  1.8000000e+003  1.8000000e+003  1.8000000e+003  1.8000000e+003  1.8000000e+003  1.8000000e+003  1.8000000e+003  1.8000000e+003  1.8000000e+003  1.8000000e+003  1.8000000e+003  1.8000000e+003  0.0000000e+000
  1.8000000e+003  1.8000000e+003  1.8000000e+003  1.8000000e+003  1.8000000e+003  1.8000000e+003  1.8000000e+003  1.8000000e+003  1.8000000e+003  1.8000000e+003  1.8000000e+003  1.8000000e+003  1.8000000e+003  1.8000000e+003  1.8000000e+003  1.8000000e+003  1.8000000e+003  1.8000000e+003  1.8000000e+003  0.0000000e+000
  1.8000000e+003  1.8000000e+003  1.8000000e+003  1.8000000e+003  1.8000000e+003  1.8000000e+003  1.8000000e+003  1.8000000e+003  1.8000000e+003  1.8000000e+003  1.8000000e+003  1.8000000e+003  1.8000000e+003  1.8000000e+003  1.8000000e+003  1.8000000e+003  1.8000000e+003  1.8000000e+003  1.8000000e+003  0.0000000e+000
  0.0000000e+000  0.0000000e+000  0.0000000e+000  0.0000000e+000  0.0000000e+000  0.0000000e+000  0.0000000e+000  0.0000000e+000  0.0000000e+000  1.8000000e+003  1.8000000e+003  1.8000000e+003  1.8000000e+003  1.8000000e+003  1.8000000e+003  1.8000000e+003  1.8000000e+003  1.8000000e+003  1.8000000e+003  1.8000000e+003
  1.8000000e+003  1.8000000e+003  1.8000000e+003  1.8000000e+003  1.8000000e+003  1.8000000e+003  1.8000000e+003  1.8000000e+003  1.8000000e+003  1.8000000e+003  1.8000000e+003  1.8000000e+003  1.8000000e+003  1.8000000e+003  1.8000000e+003  1.8000000e+003  1.8000000e+003  1.8000000e+003  1.8000000e+003  1.8000000e+003
