NaN
NaN
0.0044444444444444444
NaN
NaN
NaN
NaN
NaN
NaN
NaN
NaN
NaN
NaN
NaN
NaN
NaN
NaN
NaN
NaN
NaN
NaN
NaN
NaN
NaN
NaN
NaN
NaN
NaN
0.0
NaN
NaN
NaN
NaN
NaN
NaN
NaN
NaN
NaN
NaN
NaN
NaN
NaN
NaN
NaN
NaN
NaN
NaN
NaN
NaN
NaN
0.019554753120339115
0.03907373408350607
0.09125321593176033
0.0020881955533718216
1.357157182051509
0.06603119944534319
0.008444902162718846
0.0013399926909489586
0.012072434607645875
0.03345662586482171
1.2119704438383336
0.23131778661454472
0.9909683578551367
1.0096575573703181
1.5950323309284606
0.12673311378923766
0.2709836146620524
0.01675689471818504
0.1476210897163336
1.099250378579295
0.5490539779994883
1.603588291746641
0.6732599330644469
0.696922932035787
1.1206449544270833
0.3276279023378281
0.7256579198853229
0.9334560826146164
1.354875679931291
0.5191462508804507
3.124904422284847
0.006087792374239026
1.203426471710108
1.2481895039640778
1.3021042645536354
1.2543914258024058
0.19273191663261136
0.18157586450247
0.08371411092985317
6.61521499448732E-4
0.26454110580402374
0.15929776496034606
0.13998063623789767
0.4069378587471924
3.144812478000704
3.149292983992992
0.5998977153361345
3.083296118830858
3.1595102320510824
1.8864713596436966
0.4104502831677653
0.5603576670161059
0.018484760522496372
0.28267339328800173
0.4495578183985694
0.7550698097131497
1.5484337284663687
0.18232721990194298
0.10760666013712047
0.9724384327870566
0.6672653521126761
0.17616750712563034
0.9499048787013914
0.27118704482207356
1.2766367814020545
0.278747705299229
0.6562850483229108
0.01839742879308434
0.5823462472289666
0.19532734633787266
0.7231167829211583
0.9998722487481075
2.211643150365035
1.3595030062913116
1.9474819370460048
0.022372355742607156
2.2460672596085156
1.6755844584085113
3.5852549716803024
4.108308310652573
2.0122603754940713
0.8120112922002328
0.2575853709291437
2.015185474237477
1.891694057377049
0.9240021302858964
0.07167892122072392
0.7229369676825831
0.04041585417549809
2.329443418013857
0.9606542850872379
0.9019994215000754
0.06989887951307235
0.23746787412270773
0.3575656297420334
0.06609368723098996
1.4606750307071417
0.0039028620988725065
0.041380356248658705
0.94501249201788
0.12093656679683655
0.8116512264922323
3.4516212298025133
1.1614661543362268
1.9262381654712597
0.4572164979539092
0.6867072120559741
0.7527399013563502
0.45350546052470125
0.8424695294027915
0.7592592188998344
0.43924126325237
0.06682154860182074
0.24135369148172212
1.2720730070876802
1.213597376043619
0.136403891997081
1.0748471895385898
0.06845384710692604
1.4996215886470172
2.502118633575328
4.65859052265206
0.3616167118702753
3.6005333922931144
1.9198408008335814
3.4466658002469295
0.996027593897549
0.7971150531456478
1.754782912961073
2.6109506906609434
3.8347319819819816
1.260887816696095
3.064987950419316
1.9506522457593376
0.3245607558298291
3.5798377399060284
0.44814641235964003
1.3807985781990522
0.17355388670612226
0.7415793954593453
0.4962654641909814
0.5982848643046332
1.1679397995012977
1.2323484320557492
0.909140838262711
2.031566835231345
0.27877761286332714
0.2758040785001645
0.26069600080689903
1.3954845375449214
1.3956995382773756
0.6241562744050311
0.7456160326327924
0.7309797273201107
1.162330871227204
1.3989882903090902
0.6913196827685653
2.858346671543526
2.2335621200703337
0.7327165121437915
0.35193341091285235
0.5597631653168943
0.656992093895183
0.7884946509009009
0.2996316486844596
0.05856901086335049
1.5229960250158998
1.364557135678392
0.9151084946621035
1.8565312110349128
3.3656709997406637
1.5999016381629514
0.9034767413241448
0.23815746612160812
0.3542600273473108
0.17792794468010925
2.471656462162095
1.2626202162010387
1.7363436399304473
0.16101738366988586
0.7158229075416103
3.0016587900205707
0.6313230975129187
0.37939661145177983
1.7609712530800272
1.3259719946703514
1.2466080449666912
2.0958608460793235
2.180173392135244
1.2963230095838691
0.8156531196336576
4.667977313479379
1.9652110803129714
0.0632345784917726
0.47523546627379154
1.7316204905630326
1.1294958588834914
1.9740874157017432
1.1950824138371747
0.8862763398901011
0.7124245171782883
1.4186944366929655
1.0073378345531638
0.07259161805469365
0.9635931600838992
1.314615834253426
3.3820538546002403
3.7558182827877706
2.550758839691009
1.0790964210696397
1.9991387845104966
3.2674764473998565
1.1670800963183574
0.6178705701998884
2.8600741220036636
3.3168800701556327
0.4136631958270287
0.0795460699211595
2.3061300491266374
1.329824400732659
1.628823146452178
0.38597105415940947
1.59287341434612
0.5712226596675416
1.4725798956757188
0.8016246126604691
0.9631382495819065
1.591513753162647
2.0271242733136896
0.8193855817472326
4.1451765748188265
1.4572216356712537
0.5564693635622732
2.1489640638687586
1.5058789320697619
1.3492785848529487
2.4842115553077964
3.0490890937325794
0.3915787210320937
3.1822404592881983
0.9923171139603408
1.9698098470972365
0.9972824321095803
0.3620304525260874
0.6579953273845413
2.4146454965357966
0.575550616547335
1.7231793023811421
2.84323417455015
1.2360893604994734
0.2922203352711635
2.183905784500639
1.7395931153938042
1.6082870277884493
0.832076882303337
2.556522269094609
2.3636179023652146
1.0905269968941627
1.2780600660985904
2.62772431711396
1.1773580189373498
0.6545863263518356
0.24399942263279445
0.7185590084003995
1.3144585537181444
1.2062593175121448
3.464740797117207
4.243834659173089
1.1354538079705006
1.2493228587245933
0.9336783865572987
1.2690325965824665
1.1031602392494513
0.7360470605104674
0.15323158397706457
1.606599665525205
0.5983805646253085
2.9966672780778847
2.422232850157683
1.2525031863515559
0.8882540857051301
1.8035163882519925
2.241468364258979
2.109002038124925
1.7429724854662738
2.0496518682360376
1.2041415259766741
0.3463423389344588
1.4752672510676557
0.4739461455761726
0.793268953571713
0.8098697738313292
1.1289113805522208
0.5750515648642192
0.20057167317034325
0.305840885561838
2.269282909930716
1.9545907676889993
0.4936544556820897
1.042197590876312
1.9788628101116992
2.1959271826153257
1.7649666796162926
1.3452467764966647
1.2167501795306352
1.7032266191693126
1.6960042535532731
1.9559436267168715
2.1270022988505746
1.680049324077457
0.3470907461973401
0.0
3.008186997375773
4.9630510173815034
2.7327896995708154
0.8836010989886119
1.2379292426535
0.5778443696742853
2.985812104291242
1.190257665047384
0.42688161981364975
0.8290773672055427
2.736524209604205
3.6378903523433843
2.8164146229608438
3.0190457115553078
2.778199320382387
1.5909714796318057
1.9105066098590429
2.1505907164052562
2.3754287250139363
1.4677479774662203
3.7911102696926755
1.5186352152782239
0.8554990043807248
2.2857397217997044
2.277332244962969
0.9627244763876722
0.6512228438321255
3.135568846061958
0.38003412439276896
0.799513839948585
0.4538760253245202
0.9419114239069841
0.4821228199410687
1.5074096918053674
0.48404003742932233
0.5681200127418969
1.9569440551087043
2.1044702004602085
1.324449370868838
1.863727144222346
3.7680058931273392
0.5123193437923071
1.077865174802899
2.183412456248713
1.9077889600233562
0.22540109102492634
0.45448164370470656
1.273882615274349
1.9630475101219205
2.546779156590726
0.28880405351596716
0.7168752090467468
2.1064677072549176
3.9336815322131082
1.5467126304053518
1.1468531496376524
1.5250813291391256
4.185576451381699
3.335830672135064
1.22147461575217
0.8603923906984152
2.5248108880790836
1.5914669905232142
2.909228796687107
0.5096309827188023
3.1986608465397786
3.397783925300629
1.7193113402882856
2.004202063366095
2.2656889215866594
0.7521436648881102
1.0632904754320298
0.7539965357967667
0.39727355260014335
0.7507908537070956
3.891001114915983
1.7372744286055588
0.08984235884367285
0.7824850282710839
3.425038066417138
0.8755705582543601
4.400760512064984
2.155291331528231
0.7699301982957713
2.9219353149637652
0.9999991239945847
0.1522431711396034
0.5388867364816438
1.549368838098272
1.2974158437524888
0.9131828263120172
0.7812524289241062
0.9468062037110775
1.0702402444851478
0.909411682726766
1.827155112686151
1.3915084016883013
0.7772025165246477
1.9386438838894642
1.2753921716970613
0.5666990523214144
0.6842339929919568
0.7194788365055348
1.5372294935095963
0.7966718762443259
0.7176051803774787
0.01444501075097555
1.0800497531257467
0.7625570996257068
0.9829528151628574
0.4380108107031934
3.264229732420164
0.7653274667516127
0.1642704467627618
2.0593719837540814
1.484749980090786
1.691866309628096
0.9127848013060444
1.4987882456000636
0.46279513418810225
2.3747412200366327
2.008297583021422
0.3457301704228717
1.9888513578083937
2.2932293541450983
2.712305586525444
3.342569025244883
0.5900099944254201
1.5599715298240024
3.3220168631042446
0.33651560882376363
0.9299962570677709
0.0979904037588596
0.7087458787927052
0.5281740264394361
0.5503026001433463
1.582669387592578
0.1489022855777654
1.3202569483156803
0.8102291152345306
1.3123751692283188
0.4374598032969658
1.0522522696503942
2.8587911921637335
0.45906368957553556
2.66994208409652
0.4492388309309548
0.5095417297125109
2.3555992872501395
1.2844000955642272
0.31708433543043724
1.0400183562952934
0.6715019710121845
0.8879757107589392
0.3096106952297523
1.294241160308991
0.38871491996495977
0.4899499681452576
0.8217363223699928
0.9699160030262005
1.1876199131958272
0.22290359958588835
4.479819383610735
0.21237899179740383
1.3189328064028032
0.6104490722306283
0.8747967866528629
0.49806585967985983
0.24281699450505692
0.2644294019272119
1.01007310663375
0.4444320100342439
0.21285103926097
0.7188718842080115
0.3791511905709963
1.4089695986302462
1.092232320617982
2.5354705542725173
0.3571218642987975
0.8861001632555546
0.47461726527036713
0.8098197817950147
0.5216152544397546
0.8170833200605241
0.5573282033925301
0.1777867324998009
1.072030142549972
0.7631823684000957
0.5527852193995381
1.9399534124392768
1.1885714143505615
0.6604159632077725
0.305313132117544
0.11875428048100661
0.26595966393246795
0.6244954009715696
0.2439441546547742
1.9911925420084415
3.3524735804730432
0.20926359799315122
1.358807856175838
0.47437803615513263
0.6988330811499561
0.46427817153778767
0.40108760054153064
1.2164118220912639
1.9432733535080033
2.1198743728597598
0.1427732340527196
0.48794367683363865
0.6440450147328184
1.0840579955403362
2.7500562833479334
1.1257907939794538
0.5399553635422474
0.7597219080990683
1.047967229433782
0.11767217488253565
1.5689881341084653
1.5689275503703113
4.338791152345306
0.4951501154734411
0.5152561519471212
1.3035324719280081
0.6996345265588915
1.0645615393804253
1.587458290196703
0.4408142868519551
4.408028987815562
0.41702639961774307
4.482331010591702
0.40821334713705504
0.8176282949749144
0.7615931950306601
1.4158430357569485
1.2283087122720395
0.4545419288046508
0.0917416580393406
0.6533022616867086
3.600390041411165
1.6938186469698178
2.1646801385681296
3.4986092418571313
1.045376363781158
0.560541630166441
2.0131502946563673
0.47956862706060366
0.32435334872979216
0.14030027076531018
0.16963860794775823
0.2484641235964004
0.4640271163494465
2.556296687106793
0.5709942064187306
0.3901863900613204
0.24946770725491757
0.5892983395715536
0.8081530819463247
0.301753802659871
0.22554746356613842
0.8142923070797164
0.01773222107191208
0.2795589710918213
0.5483304133152823
0.7812265469459265
1.9923935653420404
0.725477283586844
0.6293302540415704
0.9782824719280082
0.39680825436011785
0.4031282750657004
0.06921876244325874
0.6824266544556821
0.0633448275862069
0.07948311698654137
0.5810944294019272
0.17014215178784742
0.31883240423668074
2.065732479891694
0.11986179023652145
1.9068308712272042
0.4585882575455921
0.5528507406227602
0.5088542844628494
1.1686524846699051
0.9061774707334556
0.09543692761009795
0.015449550051763957
1.385578362666242
0.40396428287011227
0.14498228079955403
0.22597368001911286
0.9666511706617823
1.1296694672294338
1.5909041172254519
0.11319100899896473
1.2010474834753524
0.23547435693238833
0.6314036991319583
0.04438862785697221
0.8009922951341881
0.2917830692044278
0.6198583260332882
0.5528259337421358
1.7184657959703753
0.16922692522099228
0.0741602293541451
1.197832284781397
0.23764211196941945
2.362807876085052
0.20969787767778927
0.043845743410050174
2.4823387154575136
0.7066255076849566
0.9445900891932786
0.36196605479015687
0.09374643625069683
0.5392395078442302
0.03579676674364896
0.16367197579039577
1.431722007645138
1.096032850203074
0.42468609142311065
0.6263897228637413
1.309051624591861
0.31828772796050014
0.477992374771044
1.4408955562634387
0.5490334076610656
0.24513303336784262
1.6130212431313213
0.0641516285737039
0.7122242772955324
0.6613682209126384
0.06795277534442941
0.7589173966711794
0.11032507764593455
0.09118650951660429
0.2081979971330732
0.9688990602851
0.022995142151787846
0.14503930078840488
2.384919128772796
1.3897830293859998
0.6139793342358844
1.704993629051525
0.4932412996734889
1.9236529624910408
1.3734821016166283
0.9463884088556184
2.4154109062674207
1.0158591224018476
1.0967454407899977
1.2296116707812375
0.03606418730588516
0.3269351357808393
0.678710838576093
0.1666576013378992
0.8308614915983117
0.4666231982161344
0.22121617424544077
1.584485087998726
0.17445610018316476
1.0849020864856256
1.6499007923867166
1.1191221629370072
1.4633101855538744
1.5635709365294257
1.0763743529505456
0.31143923707892013
0.9723954368081549
2.4266117703273076
0.3190068089511826
1.4310573385362746
0.021943338377000878
1.8107643346340685
3.1545384646014174
0.9042103209365294
0.21944982878075972
0.3899195866847177
1.4700627339332644
0.2010207254917576
0.8870213028589631
0.08213816994505058
2.1471267221470094
0.20925499721271001
1.99414356534204
0.14315218603169547
0.6482813769212391
0.5072759616150354
0.5300942900374294
0.3147839850282711
0.7383592617663455
0.07924034403121764
0.22599761089432188
2.9576540973162375
0.5208561559289638
0.10876244325874014
0.022548379389981683
0.17325408138886678
0.5658663693557379
3.214993449868599
0.38583081149956194
0.2449104483554989
0.3578506012582623
1.3178373815401767
0.4143420402962491
0.28396675161264634
0.45008994982878076
0.7029850282710839
3.1440365533168753
0.0891733694353747
0.5208794696185395
0.47366014971728915
0.28929788165963205
0.20791056781078285
1.5568945010750976
1.562613502428924
0.12106832842239389
0.3726821693079558
0.3070481802978418
2.93976204507446
0.6208022616867086
2.2004652783308116
0.16456167874492314
0.30959691805367523
0.8198835908258342
0.2899129967348889
0.7736596320777255
0.19207899976108944
0.37629198853229273
0.1903419208409652
2.163353129728438
0.0
0.45621906108146854
0.4409433582862149
0.8348829537309866
0.8483772198773591
0.6237383929282472
0.015900931751214462
0.046425778450266776
0.27919757903957954
0.09366377319423429
0.2194930317751055
0.8691236959464841
0.17891837222266463
5.9727641952695706E-5
0.37666875049773035
0.34268431950306605
1.3221239149478379
0.1079142709245839
2.0651936768336383
0.11483594807676992
1.1642418969499084
0.24907008043322448
0.1342267659472804
1.968870012741897
0.02261686708608744
1.4462801624591861
0.46694098908975074
0.04265099147885641
0.784424225531576
